5200. 1.15
  5390.13944      1.22926 
  5517.85139      1.28542 
  5633.13293      1.35053 
  5738.25706      1.42375 
  5844.13178      1.49188 
  5951.82290      1.55332 
  6060.24246      1.61155 
  6263.10943      1.51292 
  6330.52896      1.69428 
  6376.75894      1.87034 
  6370.00833      2.08391 
  6360.04224      2.31769 
  6365.16989      2.56130 
  6349.06831      2.84178 
  6406.93031      2.99416 
  6476.34536      3.13931 
  6561.45266      3.25953 
  6662.69603      3.37272 
  6781.56611      3.46581 
  6920.69962      3.53138 
  7067.56807      3.59009 
  7202.44582      3.66210 
  7344.80043      3.72130 
  7484.96890      3.77920 
  7625.52940      3.84025 
  7767.11973      3.89439 
  7907.87872      3.94839 
  8048.22298      4.00221 
  8188.04084      4.05219 
  8326.83579      4.10530 
  8602.40727      4.20431 
  9159.67364      4.37602 
  9685.90042      4.56052 
 10204.92929      4.72911 
 10710.25966      4.89345 
 11201.59844      5.05085 
 11683.15127      5.19876 
 12154.86109      5.34072 
 12612.46575      5.48056 
 13058.70166      5.61513 
 13493.66736      5.75195 
 13922.58891      5.87131 
 14335.07601      5.99901 
 14734.31669      6.12308 
 15127.25055      6.24748 
 15507.79317      6.37265 
 15880.71310      6.49419 
 16243.51448      6.61690 
